21.6      
32.9      
21.9      
5.38      
2.11      
36.3      
3.87      
4.85      
18.4      
17.8      
2.43      
6.49      
1.19      
5.44      
5.38      
4.29      
4.38      
57.3      
37.4      
0.839     
0.767     
4.58      
1.45      
0.511     
1.22      
0.888     
2.56      
0.198     
0.463     
1.02      
0.129     
64.2      
59.3      
0.0898    
0.506     
0.123     
0.474     
0.208     
0.192     
0.215     
0.3       
0.0906    
0.0639    
0.149     
0.0666    
0.0857    
0.19      
250       
0.0676    
0.103     
0.101     
0.0684    
0.0878    
0.0662    
0.0873    
0.0963    
0.0471    
0.0802    
0.0728    
0.0856    
0.0521    
0.0498    
42.7      
113       
0.219     
0.136     
0.162     
0.12      
0.114     
0.145     
0.12      
0.0596    
0.105     
0.0929    
0.0403    
0.0567    
0.078     
0.0514    
156       
33.5      
0.0585    
0.0736    
0.0561    
0.0633    
0.0665    
0.0453    
0.035     
0.0519    
0.0473    
0.0315    
0.0437    
0.0728    
0.0425    
0.0441    
132       
0.141     
0.0836    
0.0719    
41.8      
0.14      
0.0881    
0.0525    
0.0697    
0.0464    
0.041     
0.0783    
0.0435    
0.0704    
0.0436    
50.4      
87.6      
0.0814    
0.104     
0.144     
0.158     
0.113     
0.104     
0.177     
0.179     
0.104     
0.0393    
0.0472    
0.0503    
0.0517    
0.0384    
50.8      
76        
0.0515    
0.079     
0.057     
0.0725    
0.0717    
0.0494    
0.0448    
0.0457    
0.0454    
0.0701    
0.0463    
0.0546    
0.0466    
0.0411    
87.5      
30.8      
0.129     
0.0914    
0.138     
0.089     
0.104     
0.153     
0.156     
0.119     
74        
75.4      
0.103     
0.134     
0.13      
0.128     
0.056     
0.0558    
52        
0.0655    
0.109     
0.0609    
0.0597    
0.0672    
0.0386    
0.0657    
176       
0.0745    
0.0391    
0.0416    
0.079     
0.0416    
0.0647    
34        
61.5      
0.178     
0.109     
0.0741    
25.8      
0.152     
0.146     
0.0641    
0.0918    
0.128     
0.0869    
0.112     
0.102     
0.116     
0.109     
80.2      
164       
0.126     
0.119     
37.2      
0.134     
0.0491    
0.115     
0.0401    
0.0599    
0.0401    
0.0474    
0.0424    
0.0437    
0.0364    
0.0417    
80.1      
31        
0.18      
0.144     
0.127     
0.107     
0.122     
0.1       
0.11      
0.116     
0.156     
0.0676    
0.0541    
0.0455    
0.0409    
0.0492    
61.9      
8.83      
0.151     
0.0854    
0.0561    
0.0851    
0.0746    
0.09      
0.0443    
0.0437    
0.0457    
0.0687    
0.053     
0.0406    
0.0516    
0.044     
110       
0.227     
0.0491    
0.0646    
0.0898    
0.0884    
0.0606    
0.0417    
0.042     
25.9      
0.0714    
0.0715    
0.0614    
0.0443    
0.0428    
53.9      
70.8      
0.154     
0.27      
0.146     
0.152     
0.169     
0.121     
0.146     
0.126     
0.138     
0.0462    
0.0459    
0.0451    
0.0426    
0.0369    
114       
0.0654    
46        
0.138     
0.0739    
0.0424    
0.0549    
0.0883    
0.105     
0.0363    
0.0559    
0.0629    
0.0546    
0.0529    
67.4      
0.0499    
106       
63.9      
0.417     
2.24      
54.4      
93.8      
0.677     
0.328     
0.191     
0.304     
0.172     
0.0629    
0.0901    
0.114     
0.0617    
0.0337    
0.0602    
0.0461    
0.0474    
52        
96.5      
54.8      
69.3      
33.9      
58.7      
216       
84.5      
165       
224       
299       
86        
262       
35.4      
51.8      
49.4      
65.8      
84.4      
318       
70.4      
87.4      
156       
38.3      
101       
184       
90.3      
79.8      
115       
164       
217       
63.2      
79.9      
338       
108       
226       
524       
53.7      
69.9      
301       
47.1      
310       
30.2      
291       
72.2      
319       
101       
53.3      
564       
52.3      
645       
47.9      
85.8      
151       
77.5      
296       
55.5      
89.7      
118       
125       
73.4      
73.3      
287       
109       
477       
266       
67.5      
99.4      
175       
104       
226       
95.2      
111       
220       
76.5      
259       
94.1      
135       
99.4      
153       
74.5      
292       
412       
181       
104       
410       
504       
117       
287       
91.2      
96.5      
326       
138       
153       
118       
117       
242       
78.3      
80.9      
111       
435       
447       
436       
270       
114       
139       
72.2      
55.1      
107       
119       
153       
161       
70.3      
164       
612       
225       
596       
311       
118       
126       
381       
344       
150       
54.8      
64.6      
166       
114       
115       
138       
203       
139       
86.2      
158       
88.1      
182       
50.4      
162       
331       
338       
101       
77.4      
258       
136       
615       
223       
561       
133       
342       
61.4      
443       
463       
58.3      
98.8      
333       
54.5      
103       
425       
84.1      
14.9      
152       
349       
130       
335       
117       
230       
89.4      
173       
92.9      
296       
134       
134       
59.2      
122       
448       
85.4      
199       
117       
142       
75.3      
189       
493       
317       
87.5      
350       
138       
599       
76.5      
144       
158       
941       
91.7      
183       
282       
556       
133       
108       
137       
125       
98.7      
129       
363       
102       
540       
150       
71.6      
142       
646       
142       
128       
147       
566       
288       
215       
158       
214       
176       
73.7      
444       
179       
149       
493       
142       
105       
79.7      
385       
153       
163       
222       
209       
158       
199       
122       
171       
0.0674    
0.0891    
0.0731    
0.113     
0.0596    
0.0887    
0.0879    
0.11      
0.12      
0.196     
0.0872    
0.148     
0.194     
0.112     
2.67      
121       
415       
83.6      
441       
141       
269       
92.1      
163       
240       
86.3      
211       
138       
139       
90.1      
101       
398       
170       
1.04e+03  
133       
527       
247       
352       
71.4      
121       
138       
246       
0.0782    
2.76      
0.0727    
0.0671    
0.0449    
0.0275    
0.0874    
0.0654    
0.0382    
0.0563    
0.141     
0.153     
0.109     
0.136     
0.1       
78        
209       
852       
45.3      
541       
281       
131       
440       
503       
83.6      
335       
108       
119       
142       
389       
69.1      
336       
242       
309       
367       
171       
94.5      
146       
177       
242       
314       
248       
153       
151       
135       
276       
90.8      
248       
554       
164       
132       
592       
120       
377       
131       
175       
148       
106       
65        
365       
147       
112       
101       
200       
157       
180       
340       
106       
230       
275       
69.2      
181       
208       
219       
104       
598       
65.9      
214       
372       
99.7      
94.6      
95.3      
686       
204       
315       
114       
543       
495       
74.9      
252       
310       
122       
43.3      
112       
592       
145       
215       
220       
121       
404       
407       
117       
434       
232       
102       
449       
72.9      
722       
95.7      
464       
178       
73.1      
106       
172       
139       
89.5      
84        
31.5      
175       
132       
454       
640       
433       
352       
394       
95.9      
230       
187       
139       
459       
133       
283       
77.9      
90.9      
383       
134       
83.1      
206       
178       
30.1      
391       
43.2      
677       
143       
91.4      
115       
75.4      
169       
85.8      
468       
239       
203       
67.2      
267       
152       
136       
446       
188       
266       
388       
77.5      
663       
196       
345       
117       
135       
279       
169       
406       
81.9      
110       
711       
137       
50.9      
176       
153       
144       
153       
74.2      
639       
54.3      
188       
123       
294       
157       
131       
70.9      
58.2      
211       
137       
463       
223       
150       
240       
137       
398       
187       
531       
671       
89.9      
326       
262       
397       
51.3      
241       
91.1      
70.5      
291       
59.3      
84.5      
201       
62.6      
329       
153       
111       
574       
95        
160       
218       
77.6      
146       
189       
52.8      
83.3      
400       
150       
573       
134       
418       
192       
488       
72.6      
66.4      
499       
58        
132       
106       
88.4      
129       
79.6      
87.4      
239       
129       
140       
264       
177       
260       
297       
68        
36.1      
843       
119       
279       
82.5      
159       
108       
162       
151       
107       
228       
201       
124       
88.1      
78.2      
380       
77.4      
195       
163       
91.8      
57.9      
143       
95.1      
112       
133       
267       
102       
93        
86.4      
460       
145       
53.4      
492       
148       
70.9      
290       
198       
195       
420       
77.2      
140       
337       
232       
188       
126       
425       
109       
558       
589       
74.7      
351       
137       
160       
439       
264       
89        
240       
134       
291       
32.9      
139       
78.1      
330       
65        
737       
65.5      
91.4      
92.9      
33.9      
122       
3.7       
1.22      
1.32      
114       
0.7       
354       
142       
71.2      
174       
192       
275       
628       
121       
66.9      
44.2      
84.8      
740       
193       
128       
323       
262       
571       
77.2      
97.3      
257       
2.52      
1.68      
0.575     
152       
42        
172       
371       
23.9      
68.7      
1.56      
290       
159       
2.56      
1.19      
1.85      
1.18      
117       
268       
167       
2.4       
0.429     
0.103     
0.495     
190       
0.825     
0.513     
23        
20.6      
134       
92        
124       
89.5      
129       
178       
729       
61.8      
187       
255       
90.3      
155       
111       
789       
184       
167       
170       
142       
79.6      
120       
51.1      
176       
149       
366       
72.7      
59.4      
180       
297       
145       
218       
220       
107       
200       
87.6      
113       
122       
203       
356       
83.1      
55.9      
105       
293       
108       
161       
177       
605       
48.2      
303       
114       
297       
91.7      
96.9      
131       
134       
136       
65.9      
562       
162       
213       
178       
68.6      
633       
172       
719       
308       
146       
214       
344       
247       
677       
107       
79.3      
492       
40        
371       
206       
137       
95.7      
421       
116       
122       
135       
69.6      
196       
66.2      
291       
142       
160       
325       
71.5      
98.5      
207       
115       
89.3      
633       
29.9      
88.3      
3.64      
223       
145       
63.2      
52        
180       
84.9      
211       
101       
99.7      
183       
203       
240       
117       
157       
105       
216       
387       
788       
283       
226       
93.2      
138       
815       
126       
186       
119       
241       
173       
377       
327       
331       
139       
166       
377       
215       
51.4      
243       
174       
449       
216       
154       
138       
109       
156       
492       
131       
243       
91        
31.5      
1.94      
322       
136       
307       
72.6      
118       
95.3      
172       
101       
78.6      
202       
370       
257       
375       
69.4      
217       
488       
114       
169       
595       
225       
106       
70.1      
275       
296       
96        
147       
63.3      
231       
174       
106       
89        
103       
497       
68.6      
308       
107       
292       
406       
210       
100       
157       
229       
87.9      
204       
449       
198       
275       
108       
115       
236       
88.7      
209       
125       
218       
319       
536       
93.5      
125       
107       
115       
107       
148       
202       
100       
247       
65        
202       
372       
150       
507       
71.5      
816       
147       
176       
231       
70.7      
86        
51        
1.89      
10        
326       
65.5      
441       
218       
118       
196       
125       
264       
119       
481       
177       
153       
285       
113       
131       
75.8      
219       
194       
357       
84        
585       
112       
440       
73.9      
252       
286       
585       
325       
89.1      
218       
159       
135       
121       
516       
66.1      
114       
126       
160       
104       
125       
135       
672       
141       
206       
191       
57.6      
86.1      
87.7      
192       
150       
120       
140       
273       
260       
180       
377       
626       
77.4      
212       
134       
302       
74.6      
128       
98.8      
92.2      
83.8      
314       
120       
350       
566       
266       
139       
249       
90.9      
72.1      
390       
95.6      
91.9      
317       
223       
71.8      
232       
74.2      
102       
153       
350       
95.5      
181       
129       
77.5      
310       
225       
138       
161       
307       
93.1      
170       
734       
141       
107       
218       
261       
151       
85        
201       
381       
220       
293       
114       
222       
422       
413       
96        
109       
267       
112       
120       
193       
107       
355       
48.7      
198       
406       
193       
216       
134       
343       
140       
182       
537       
59        
840       
68.5      
125       
216       
212       
307       
95.9      
344       
271       
97.6      
316       
132       
84.1      
498       
577       
288       
162       
130       
391       
84.5      
127       
217       
327       
312       
480       
205       
131       
571       
360       
123       
122       
297       
618       
99        
73.9      
206       
57.9      
251       
93.5      
128       
137       
151       
133       
90.4      
545       
60.7      
236       
130       
287       
66.5      
419       
245       
123       
202       
729       
125       
360       
133       
77.4      
123       
372       
200       
522       
91        
506       
163       
260       
86        
847       
122       
157       
128       
114       
185       
115       
89.5      
214       
88.3      
410       
161       
345       
68.7      
272       
44.5      
116       
69        
301       
262       
232       
181       
89.7      
517       
91.5      
77.8      
162       
211       
418       
86.6      
695       
134       
151       
223       
127       
196       
54.8      
423       
192       
326       
103       
1.08e+03  
61.6      
74        
99.5      
144       
44.2      
96.7      
207       
78.3      
165       
156       
372       
90.8      
347       
75.1      
583       
57.3      
698       
165       
604       
133       
171       
343       
93.3      
463       
90.2      
314       
173       
152       
270       
60.1      
112       
113       
89.8      
95.4      
291       
75.9      
361       
64.6      
184       
367       
167       
297       
58.7      
147       
137       
67.9      
320       
60.7      
289       
151       
75.9      
606       
71.4      
130       
140       
77        
128       
320       
153       
277       
17.7      
2.06      
219       
373       
192       
301       
90.7      
30.8      
244       
540       
62.4      
81.5      
194       
221       
118       
314       
137       
51.1      
55.8      
146       
86.1      
250       
219       
56        
128       
89.3      
577       
230       
108       
114       
49.4      
194       
318       
376       
199       
306       
82.3      
29.2      
219       
345       
230       
78.1      
206       
160       
307       
221       
107       
207       
441       
187       
94.2      
166       
214       
87.6      
134       
372       
145       
111       
335       
295       
216       
112       
65.5      
219       
202       
176       
290       
51.3      
128       
248       
68.7      
261       
94.4      
588       
458       
106       
317       
89.2      
314       
200       
92.4      
795       
71        
163       
104       
177       
188       
540       
99.3      
218       
89.8      
652       
67.8      
253       
84.1      
335       
129       
308       
122       
356       
201       
74.3      
227       
100       
108       
148       
140       
249       
91.1      
205       
138       
115       
171       
197       
263       
223       
259       
141       
95.7      
150       
257       
99.4      
100       
161       
94.7      
778       
157       
291       
66.4      
428       
145       
147       
186       
198       
65.1      
453       
119       
161       
86.3      
183       
75.5      
163       
375       
119       
309       
93.4      
125       
236       
501       
89.8      
341       
189       
533       
129       
282       
172       
160       
265       
88.9      
791       
101       
36.3      
114       
291       
76.3      
489       
88.9      
22.5      
102       
590       
66.4      
27.5      
230       
323       
166       
388       
131       
192       
64.8      
214       
65.1      
583       
139       
81.1      
89.8      
445       
96.2      
225       
158       
115       
170       
281       
101       
798       
129       
389       
162       
669       
244       
48.1      
249       
125       
267       
127       
230       
135       
140       
64.7      
211       
437       
366       
184       
203       
53.8      
454       
124       
142       
163       
294       
225       
525       
702       
80.9      
67.2      
74        
139       
81.9      
102       
87.7      
133       
113       
64.5      
404       
83.4      
90.5      
122       
171       
56.9      
114       
604       
194       
264       
53.5      
765       
114       
417       
38.7      
168       
337       
96.1      
549       
205       
72.8      
181       
55.2      
297       
434       
75.1      
872       
87.2      
305       
138       
206       
149       
213       
85        
470       
215       
147       
135       
303       
77.8      
648       
80.1      
181       
43        
654       
129       
602       
272       
102       
61.4      
230       
424       
49.3      
89.3      
346       
165       
96        
99.6      
102       
107       
112       
66.6      
223       
394       
373       
116       
241       
392       
49.1      
340       
148       
170       
42.5      
208       
188       
184       
222       
669       
186       
91.3      
65.4      
472       
166       
222       
225       
176       
459       
68.1      
323       
453       
76.8      
201       
101       
542       
79.3      
468       
414       
149       
338       
193       
75        
73.7      
198       
50.3      
375       
92.1      
110       
111       
129       
72.3      
205       
249       
164       
90.6      
80.5      
77.6      
427       
85.6      
194       
339       
234       
89.9      
312       
78.5      
44.4      
151       
143       
176       
209       
101       
326       
127       
126       
242       
118       
74.2      
346       
925       
64.9      
538       
109       
284       
33.6      
104       
145       
156       
372       
196       
114       
38.2      
137       
85.3      
640       
98.8      
48.8      
133       
197       
74.3      
79.1      
149       
123       
73        
175       
82.2      
274       
412       
78.5      
281       
134       
501       
145       
116       
372       
88.5      
204       
135       
232       
173       
93.3      
76.4      
455       
114       
136       
124       
159       
73.7      
124       
138       
110       
145       
64.9      
135       
324       
188       
138       
146       
166       
497       
168       
400       
81        
605       
41.5      
315       
60.7      
133       
110       
70.7      
83.6      
484       
191       
243       
53.1      
97.6      
689       
82.4      
240       
71.8      
201       
237       
138       
412       
105       
138       
133       
480       
119       
335       
93.8      
83.6      
369       
107       
106       
131       
249       
95.6      
69.8      
525       
117       
172       
220       
187       
316       
